0, 2746.92638607
10, 2605.0460036
20, 2483.38486784
30, 2377.69183172
40, 2284.8402841
50, 2202.4818324
60, 2128.82007868
70, 2062.45854323
80, 2002.29587557
90, 1947.45208032
100, 1897.21558997
110, 1851.00465615
120, 1808.33876571
130, 1768.81719644
140, 1732.1027363
150, 1697.9091885
160, 1665.99168752
170, 1636.13912548
180, 1608.16817954
190, 1581.91856525
200, 1557.2492369
210, 1534.035325
220, 1512.16565213
230, 1491.54070539
240, 1472.07097188
250, 1453.67556444
260, 1436.28108076
270, 1419.82065122
280, 1404.23314006
290, 1389.46247171
300, 1375.4570597
310, 1362.16932013
320, 1349.55525504
330, 1337.57409368
340, 1326.18798222
350, 1315.3617138
360, 1305.06249253
370, 1295.25972613
380, 1285.92484268
390, 1277.03112803
400, 1268.55358063
410, 1260.46878148
420, 1252.75477701
430, 1245.39097312
440, 1238.35803899
450, 1231.63781942
460, 1225.21325466
470, 1219.06830681
480, 1213.18789218
490, 1207.55781887
500, 1202.16472903
510, 1196.99604549
520, 1192.03992208
530, 1187.28519767
540, 1182.7213532
550, 1178.33847184
560, 1174.12720172
570, 1170.07872122
580, 1166.18470656
590, 1162.43730147
600, 1158.82908891
610, 1155.35306459
620, 1152.00261214
630, 1148.77148002
640, 1145.65375974
650, 1142.64386556
660, 1139.73651546
670, 1136.9267133
680, 1134.20973209
690, 1131.58109834
700, 1129.03657736
710, 1126.57215947
720, 1124.18404707
730, 1121.86864253
740, 1119.6225368
750, 1117.4424987
760, 1115.32546492
770, 1113.26853055
780, 1111.26894026
790, 1109.32407995
800, 1107.43146893
810, 1105.58875256
820, 1103.79369537
830, 1102.04417446
840, 1100.33817345
850, 1098.67377668
860, 1097.04916377
870, 1095.46260453
880, 1093.91245411
890, 1092.39714846
900, 1090.91520008
910, 1089.46519393
920, 1088.04578366
930, 1086.65568799
940, 1085.29368736
950, 1083.95862065
960, 1082.64938225
970, 1081.36491913
980, 1080.10422818
990, 1078.86635365
1000, 1077.65038476
1010, 1076.45545337
1020, 1075.28073189
1030, 1074.12543119
1040, 1072.98879871
1050, 1071.87011661
1060, 1070.76870006
1070, 1069.68389558
1080, 1068.61507954
1090, 1067.56165662
1100, 1066.5230585
1110, 1065.49874248
1120, 1064.48819027
1130, 1063.49090679
1140, 1062.50641904
1150, 1061.53427507
1160, 1060.57404293
1170, 1059.62530974
1180, 1058.68768077
1190, 1057.76077858
1200, 1056.84424218
1210, 1055.93772631
1220, 1055.04090063
1230, 1054.15344908
1240, 1053.27506917
1250, 1052.40547136
1260, 1051.54437848
1270, 1050.69152513
1280, 1049.84665714
1290, 1049.00953108
1300, 1048.17991372
1310, 1047.35758161
1320, 1046.54232061
1330, 1045.73392548
1340, 1044.93219946
1350, 1044.1369539
1360, 1043.3480079
1370, 1042.56518793
1380, 1041.78832756
1390, 1041.01726708
1400, 1040.25185323
1410, 1039.49193893
1420, 1038.73738298
1430, 1037.98804979
1440, 1037.24380919
1450, 1036.50453612
1460, 1035.77011048
1470, 1035.04041683
1480, 1034.31534426
1490, 1033.59478618
1500, 1032.87864008
1510, 1032.16680741
1520, 1031.4591934
1530, 1030.75570689
1540, 1030.05626015
1550, 1029.36076878
1560, 1028.66915153
1570, 1027.98133019
1580, 1027.29722944
1590, 1026.61677674
1600, 1025.93990222
1610, 1025.26653855
1620, 1024.59662081
1630, 1023.93008646
1640, 1023.26687517
1650, 1022.60692876
1660, 1021.95019108
1670, 1021.29660799
1680, 1020.64612718
1690, 1019.99869819
1700, 1019.35427225
1710, 1018.71280226
1720, 1018.0742427
1730, 1017.43854959
1740, 1016.80568038
1750, 1016.17559392
1760, 1015.54825039
1770, 1014.92361128
1780, 1014.30163926
1790, 1013.68229822
1800, 1013.06555315
1810, 1012.45137012
1820, 1011.83971625
1830, 1011.23055963
1840, 1010.62386933
1850, 1010.01961531
1860, 1009.41776841
1870, 1008.81830031
1880, 1008.22118349
1890, 1007.6263912
1900, 1007.03389744
1910, 1006.44367692
1920, 1005.85570502
1930, 1005.26995778
1940, 1004.68641187
1950, 1004.10504457
1960, 1003.52583373
1970, 1002.94875776
1980, 1002.37379562
1990, 1001.80092678
2000, 1001.23013119
2010, 1000.6613893
2020, 1000.09468203
2030, 999.529990708
2040, 998.96729713
2050, 998.406583489
2060, 997.847832382
2070, 997.291026795
2080, 996.736150088
2090, 996.183185987
2100, 995.632118569
2110, 995.082932253
2120, 994.535611791
2130, 993.99014226
2140, 993.446509048
2150, 992.904697853
2160, 992.36469467
2170, 991.826485786
2180, 991.290057775
2190, 990.755397489
2200, 990.222492053
2210, 989.691328861
2220, 989.161895571
2230, 988.6341801
2240, 988.108170617
2250, 987.583855544
2260, 987.061223552
2270, 986.540263552
2280, 986.020964701
2290, 985.503316389
2300, 984.987308246
2310, 984.472930135
2320, 983.96017215
2330, 983.449024615
2340, 982.939478083
2350, 982.431523333
2360, 981.925151369
2370, 981.420353421
2380, 980.917120942
2390, 980.415445604
2400, 979.915319305
2410, 979.41673416
2420, 978.919682506
2430, 978.424156899
2440, 977.930150112
2450, 977.437655137
2460, 976.946665185
2470, 976.457173682
2480, 975.969174271
2490, 975.482660812
2500, 974.99762738
2510, 974.514068264
2520, 974.03197797
2530, 973.551351214
2540, 973.07218293
2550, 972.59446826
2560, 972.118202562
2570, 971.643381401
2580, 971.170000557
2590, 970.698056015
2600, 970.22754397
2610, 969.758460825
2620, 969.290803189
2630, 968.824567875
2640, 968.3597519
2650, 967.896352482
2660, 967.434367041
2670, 966.973793195
2680, 966.51462876
2690, 966.056871745
2700, 965.600520354
2710, 965.145572981
2720, 964.692028211
2730, 964.239884811
2740, 963.789141737
2750, 963.339798123
2760, 962.891853282
2770, 962.445306704
2780, 962.000158051
2790, 961.556407154
2800, 961.114054012
2810, 960.673098785
2820, 960.233541796
2830, 959.79538352
2840, 959.358624588
2850, 958.923265777
2860, 958.48930801
2870, 958.056752349
2880, 957.625599995
2890, 957.19585228
2900, 956.767510662
2910, 956.340576726
2920, 955.915052172
2930, 955.490938817
2940, 955.068238586
2950, 954.64695351
2960, 954.227085718
2970, 953.808637436
2980, 953.391610977
2990, 952.97600874
3000, 952.561833205
3010, 952.149086923
3020, 951.737772518
3030, 951.327892675
3040, 950.919450137
3050, 950.512447701
3060, 950.106888213
3070, 949.702774559
3080, 949.300109663
3090, 948.898896479
3100, 948.499137989
3110, 948.100837193
3120, 947.703997107
3130, 947.308620758
3140, 946.914711174
3150, 946.522271386
3160, 946.131304416
3170, 945.741813273
3180, 945.353800952
3190, 944.967270424
3200, 944.582224633
3210, 944.19866649
3220, 943.81659887
3230, 943.436024606
3240, 943.056946481
3250, 942.67936723
3260, 942.303289529
3270, 941.928715992
3280, 941.555649172
3290, 941.184091546
3300, 940.814045522
3310, 940.445513428
3320, 940.078497507
3330, 939.712999921
3340, 939.349022738
3350, 938.986567933
3360, 938.625637386
3370, 938.266232875
3380, 937.908356073
3390, 937.552008548
3400, 937.197191759
3410, 936.84390705
3420, 936.492155651
3430, 936.141938673
3440, 935.793257109
3450, 935.446111828
3460, 935.100503573
3470, 934.756432964
3480, 934.413900489
3490, 934.072906508
3500, 933.73345125
3510, 933.395534809
3520, 933.059157146
3530, 932.724318088
3540, 932.391017323
3550, 932.059254405
3560, 931.729028748
3570, 931.40033963
3580, 931.073186189
3590, 930.747567425
3600, 930.423482197
3610, 930.10092923
3620, 929.779907105
3630, 929.460414267
3640, 929.142449023
3650, 928.826009541
3660, 928.511093854
3670, 928.197699858
3680, 927.885825312
3690, 927.575467842
3700, 927.26662494
3710, 926.959293966
3720, 926.653472148
3730, 926.349156585
3740, 926.046344248
3750, 925.745031979
3760, 925.445216495
3770, 925.146894392
3780, 924.850062141
3790, 924.554716092
3800, 924.26085248
3810, 923.96846742
3820, 923.677556914
3830, 923.38811685
3840, 923.100143008
3850, 922.813631057
3860, 922.52857656
3870, 922.244974976
3880, 921.962821662
3890, 921.682111876
3900, 921.402840777
3910, 921.12500343
3920, 920.848594806
3930, 920.573609787
3940, 920.300043165
3950, 920.027889648
3960, 919.757143858
3970, 919.487800339
3980, 919.219853553
3990, 918.953297888
4000, 918.688127659
4010, 918.424337105
4020, 918.161920401
4030, 917.900871653
4040, 917.6411849
4050, 917.382854124
4060, 917.125873244
4070, 916.870236122
4080, 916.615936566
4090, 916.362968329
4100, 916.111325116
4110, 915.861000582
4120, 915.611988338
4130, 915.364281948
4140, 915.117874937
4150, 914.87276079
4160, 914.628932954
4170, 914.38638484
4180, 914.145109829
4190, 913.905101267
4200, 913.666352473
4210, 913.428856738
4220, 913.192607329
4230, 912.957597488
4240, 912.723820437
4250, 912.491269377
4260, 912.259937493
4270, 912.029817952
4280, 911.80090391
4290, 911.573188506
4300, 911.346664871
4310, 911.121326127
4320, 910.897165387
4330, 910.67417576
4340, 910.452350347
4350, 910.231682249
4360, 910.012164565
4370, 909.793790393
4380, 909.576552833
4390, 909.360444987
4400, 909.145459963
4410, 908.93159087
4420, 908.718830829
4430, 908.507172965
4440, 908.296610412
4450, 908.087136317
4460, 907.878743835
4470, 907.671426135
4480, 907.4651764
4490, 907.259987826
4500, 907.055853625
4510, 906.852767025
4520, 906.650721274
4530, 906.449709634
4540, 906.249725391
4550, 906.050761846
4560, 905.852812324
4570, 905.655870172
4580, 905.459928758
4590, 905.264981474
4600, 905.071021736
4610, 904.878042983
4620, 904.686038682
4630, 904.495002324
4640, 904.304927428
4650, 904.115807538
4660, 903.927636228
4670, 903.7404071
4680, 903.554113783
4690, 903.368749938
4700, 903.184309254
4710, 903.000785451
4720, 902.81817228
4730, 902.636463523
4740, 902.455652993
4750, 902.275734536
4760, 902.09670203
4770, 901.918549386
4780, 901.741270547
4790, 901.564859491
4800, 901.389310229
4810, 901.214616807
4820, 901.040773302
4830, 900.86777383
4840, 900.695612539
4850, 900.524283613
4860, 900.353781271
4870, 900.184099768
4880, 900.015233393
4890, 899.847176472
4900, 899.679923368
4910, 899.513468479
4920, 899.347806239
4930, 899.182931118
4940, 899.018837625
4950, 898.855520303
4960, 898.692973732
4970, 898.531192531
4980, 898.370171353
4990, 898.20990489
0, 985.498953664
10, 982.46364612
20, 979.596715629
30, 976.885277238
40, 974.3176847
50, 971.883381997
60, 969.572776651
70, 967.377131046
80, 965.288468737
90, 963.299493304
100, 961.403517744
110, 959.594402779
120, 957.866502736
130, 956.214617892
140, 954.633952364
150, 953.120076763
160, 951.66889499
170, 950.276614607
180, 948.939720333
190, 947.654950282
200, 946.419274584
210, 945.229876137
220, 944.084133214
230, 942.979603726
240, 941.914010957
250, 940.88523061
260, 939.891279014
270, 938.930302391
280, 938.000567048
290, 937.100450426
300, 936.228432905
310, 935.383090293
320, 934.56308694
330, 933.767169416
340, 932.994160698
350, 932.242954816
360, 931.512511932
370, 930.80185379
380, 930.110059532
390, 929.436261819
400, 928.779643257
410, 928.139433089
420, 927.514904123
430, 926.905369901
440, 926.310182065
450, 925.728727914
460, 925.160428141
470, 924.604734726
480, 924.061128978
490, 923.529119721
500, 923.008241596
510, 922.498053484
520, 921.998137043
530, 921.508095332
540, 921.027551538
550, 920.556147786
560, 920.093544023
570, 919.639416981
580, 919.193459205
590, 918.755378148
600, 918.324895317
610, 917.901745482
620, 917.485675931
630, 917.076445771
640, 916.673825276
650, 916.277595273
660, 915.887546569
670, 915.503479413
680, 915.125202983
690, 914.752534917
700, 914.385300865
710, 914.023334064
720, 913.666474949
730, 913.314570777
740, 912.967475278
750, 912.625048327
760, 912.287155631
770, 911.953668437
780, 911.624463258
790, 911.299421611
800, 910.978429772
810, 910.661378543
820, 910.348163036
830, 910.038682465
840, 909.732839948
850, 909.430542327
860, 909.131699989
870, 908.836226706
880, 908.544039472
890, 908.25505836
900, 907.969206381
910, 907.686409349
920, 907.406595757
930, 907.129696658
940, 906.855645551
950, 906.584378271
960, 906.315832894
970, 906.049949631
980, 905.786670745
990, 905.525940457
1000, 905.267704866
1010, 905.011911871
1020, 904.758511093
1030, 904.507453806
1040, 904.258692867
1050, 904.012182654
1060, 903.767879001
1070, 903.525739143
1080, 903.285721658
1090, 903.047786411
1100, 902.81189451
1110, 902.578008251
1120, 902.346091075
1130, 902.116107522
1140, 901.888023192
1150, 901.661804699
1160, 901.43741964
1170, 901.214836552
1180, 900.994024879
1190, 900.774954939
1200, 900.557597892
1210, 900.341925708
1220, 900.127911137
1230, 899.915527683
1240, 899.704749576
1250, 899.495551747
1260, 899.287909799
1270, 899.081799989
1280, 898.877199204
1290, 898.674084934
1300, 898.472435257
1310, 898.272228819
1320, 898.073444809
1330, 897.876062945
1340, 897.680063456
1350, 897.485427064
1360, 897.292134968
1370, 897.100168827
1380, 896.909510746
1390, 896.720143262
1400, 896.532049328
1410, 896.345212302
1420, 896.159615932
1430, 895.975244343
1440, 895.792082029
1450, 895.610113836
1460, 895.429324956
1470, 895.24970091
1480, 895.071227546
1490, 894.893891021
1500, 894.717677795
1510, 894.542574623
1520, 894.368568543
1530, 894.195646872
1540, 894.02379719
1550, 893.85300734
1560, 893.683265415
1570, 893.514559754
1580, 893.346878932
1590, 893.180211755
1600, 893.014547251
1610, 892.849874666
1620, 892.686183456
1630, 892.523463283
1640, 892.361704005
1650, 892.200895676
1660, 892.041028536
1670, 891.882093007
1680, 891.724079689
1690, 891.566979353
1700, 891.410782938
1710, 891.255481546
1720, 891.101066436
1730, 890.947529022
1740, 890.794860868
1750, 890.643053682
1760, 890.492099314
1770, 890.341989754
1780, 890.192717122
1790, 890.044273673
1800, 889.896651786
1810, 889.749843964
1820, 889.603842833
1830, 889.458641132
1840, 889.314231718
1850, 889.170607557
1860, 889.027761725
1870, 888.885687403
1880, 888.744377874
1890, 888.603826523
1900, 888.464026831
1910, 888.324972377
1920, 888.18665683
1930, 888.049073951
1940, 887.91221759
1950, 887.776081682
1960, 887.640660247
1970, 887.505947387
1980, 887.371937285
1990, 887.2386242
2000, 887.106002469
2010, 886.974066503
2020, 886.842810787
2030, 886.712229876
2040, 886.582318394
2050, 886.453071035
2060, 886.324482556
2070, 886.196547781
2080, 886.069261598
2090, 885.942618956
2100, 885.816614864
2110, 885.691244392
2120, 885.566502665
2130, 885.442384868
2140, 885.318886239
2150, 885.196002072
2160, 885.073727713
2170, 884.952058561
2180, 884.830990065
2190, 884.710517725
2200, 884.590637089
2210, 884.471343752
2220, 884.352633359
2230, 884.234501599
2240, 884.116944205
2250, 883.999956955
2260, 883.883535673
2270, 883.767676223
2280, 883.65237451
2290, 883.537626481
2300, 883.423428125
2310, 883.309775468
2320, 883.196664575
2330, 883.084091551
2340, 882.972052535
2350, 882.860543707
2360, 882.74956128
2370, 882.639101503
2380, 882.529160661
2390, 882.419735072
2400, 882.310821089
2410, 882.202415096
2420, 882.094513513
2430, 881.987112789
2440, 881.880209406
2450, 881.773799877
2460, 881.667880746
2470, 881.562448586
2480, 881.457500001
2490, 881.353031623
2500, 881.249040115
2510, 881.145522166
2520, 881.042474495
2530, 880.939893846
2540, 880.837776993
2550, 880.736120736
2560, 880.6349219
2570, 880.534177339
2580, 880.433883931
2590, 880.334038578
2600, 880.234638211
2610, 880.135679782
2620, 880.03716027
2630, 879.939076676
2640, 879.841426027
2650, 879.744205374
2660, 879.647411788
2670, 879.551042365
2680, 879.455094226
2690, 879.359564511
2700, 879.264450383
2710, 879.169749029
2720, 879.075457655
2730, 878.981573491
2740, 878.888093786
2750, 878.795015812
2760, 878.702336861
2770, 878.610054245
2780, 878.518165297
2790, 878.42666737
2800, 878.335557838
2810, 878.244834092
2820, 878.154493546
2830, 878.064533632
2840, 877.974951799
2850, 877.885745519
2860, 877.796912279
0, 877.720740174
10, 877.632593658
20, 877.544813103
30, 877.457396069
40, 877.370340133
50, 877.28364289
60, 877.197301953
70, 877.111314951
80, 877.025679532
90, 876.940393362
100, 876.855454121
110, 876.770859508
120, 876.686607239
130, 876.602695046
140, 876.519120677
150, 876.435881896
160, 876.352976485
170, 876.270402241
180, 876.188156976
190, 876.10623852
200, 876.024644715
210, 875.943373423
220, 875.862422518
230, 875.781789891
240, 875.701473448
250, 875.621471108
260, 875.541780808
270, 875.462400497
280, 875.383328141
290, 875.304561719
300, 875.226099226
310, 875.147938668
320, 875.07007807
330, 874.992515467
340, 874.91524891
350, 874.838276463
360, 874.761596206
370, 874.685206229
380, 874.609104638
390, 874.533289552
400, 874.457759104
410, 874.382511439
420, 874.307544715
430, 874.232857106
440, 874.158446795
450, 874.084311981
460, 874.010450874
470, 873.936861697
480, 873.863542685
490, 873.790492088
500, 873.717708166
510, 873.645189193
520, 873.572933452
530, 873.500939243
540, 873.429204874
550, 873.357728667
560, 873.286508956
570, 873.215544085
580, 873.144832412
590, 873.074372305
600, 873.004162144
610, 872.934200321
620, 872.864485239
630, 872.795015312
640, 872.725788966
650, 872.656804638
660, 872.588060775
670, 872.519555837
680, 872.451288292
690, 872.383256622
700, 872.315459318
710, 872.247894882
720, 872.180561827
730, 872.113458676
740, 872.046583962
750, 871.979936231
760, 871.913514037
770, 871.847315943
780, 871.781340526
790, 871.715586371
800, 871.650052072
810, 871.584736235
820, 871.519637476
830, 871.454754418
840, 871.390085697
850, 871.325629958
860, 871.261385855
870, 871.197352052
880, 871.133527221
890, 871.069910046
900, 871.00649922
910, 870.943293443
920, 870.880291427
930, 870.817491893
940, 870.754893569
950, 870.692495194
960, 870.630295515
970, 870.56829329
980, 870.506487284
990, 870.444876271
1000, 870.383459034
1010, 870.322234366
1020, 870.261201067
1030, 870.200357947
1040, 870.139703824
1050, 870.079237524
1060, 870.018957883
1070, 869.958863745
1080, 869.89895396
1090, 869.839227391
1100, 869.779682905
1110, 869.720319378
1120, 869.661135698
1130, 869.602130756
1140, 869.543303454
1150, 869.484652702
1160, 869.426177416
1170, 869.367876523
1180, 869.309748956
1190, 869.251793656
1200, 869.194009571
1210, 869.136395659
1220, 869.078950885
1230, 869.021674219
1240, 868.964564643
1250, 868.907621144
1260, 868.850842716
1270, 868.794228361
1280, 868.737777091
1290, 868.681487923
1300, 868.62535988
1310, 868.569391995
1320, 868.513583308
1330, 868.457932864
1340, 868.402439719
1350, 868.347102932
1360, 868.291921573
1370, 868.236894715
1380, 868.182021442
1390, 868.127300843
1400, 868.072732014
1410, 868.018314058
1420, 867.964046085
1430, 867.909927212
1440, 867.855956564
1450, 867.80213327
1460, 867.748456467
1470, 867.694925301
1480, 867.641538921
1490, 867.588296485
1500, 867.535197157
1510, 867.482240108
1520, 867.429424514
1530, 867.376749559
1540, 867.324214433
1550, 867.271818333
1560, 867.219560461
1570, 867.167440027
1580, 867.115456246
1590, 867.063608341
1600, 867.011895539
1610, 866.960317074
1620, 866.908872188
1630, 866.857560127
1640, 866.806380144
1650, 866.755331498
1660, 866.704413454
1670, 866.653625284
1680, 866.602966264
1690, 866.552435678
1700, 866.502032815
1710, 866.45175697
1720, 866.401607443
1730, 866.351583543
1740, 866.301684581
1750, 866.251909875
1760, 866.202258751
1770, 866.152730538
1780, 866.103324573
1790, 866.054040195
1800, 866.004876754
1810, 865.9558336
1820, 865.906910094
1830, 865.858105598
1840, 865.809419483
1850, 865.760851123
1860, 865.712399899
1870, 865.664065198
1880, 865.61584641
1890, 865.567742932
1900, 865.519754168
1910, 865.471879524
1920, 865.424118414
1930, 865.376470256
1940, 865.328934474
1950, 865.281510498
1960, 865.23419776
1970, 865.186995701
1980, 865.139903765
1990, 865.092921402
2000, 865.046048067
2010, 864.999283221
2020, 864.952626327
2030, 864.906076858
2040, 864.859634287
2050, 864.813298096
2060, 864.767067769
2070, 864.720942797
2080, 864.674922676
2090, 864.629006905
2100, 864.583194989
2110, 864.537486439
2120, 864.49188077
2130, 864.4463775
2140, 864.400976155
2150, 864.355676264
2160, 864.310477361
2170, 864.265378984
2180, 864.220380677
2190, 864.175481989
2200, 864.130682472
2210, 864.085981684
2220, 864.041379186
2230, 863.996874546
2240, 863.952467334
2250, 863.908157128
2260, 863.863943506
2270, 863.819826055
2280, 863.775804362
2290, 863.731878023
2300, 863.688046636
2310, 863.644309802
2320, 863.60066713
2330, 863.55711823
2340, 863.513662719
2350, 863.470300217
2360, 863.427030348
2370, 863.383852741
2380, 863.340767029
2390, 863.297772848
2400, 863.254869842
2410, 863.212057654
2420, 863.169335936
2430, 863.12670434
2440, 863.084162525
2450, 863.041710153
2460, 862.999346891
2470, 862.957072408
2480, 862.914886379
2490, 862.872788483
2500, 862.830778401
2510, 862.78885582
2520, 862.74702043
2530, 862.705271925
2540, 862.663610003
2550, 862.622034367
2560, 862.580544722
2570, 862.539140776
2580, 862.497822245
2590, 862.456588845
2600, 862.415440297
2610, 862.374376325
2620, 862.333396658
2630, 862.292501028
2640, 862.25168917
2650, 862.210960824
2660, 862.170315734
2670, 862.129753644
2680, 862.089274307
2690, 862.048877474
2700, 862.008562904
2710, 861.968330356
2720, 861.928179596
2730, 861.888110391
2740, 861.848122511
2750, 861.808215731
2760, 861.76838983
2770, 861.728644587
2780, 861.688979788
2790, 861.649395221
2800, 861.609890675
2810, 861.570465946
2820, 861.531120832
2830, 861.491855132
2840, 861.452668652
2850, 861.413561197
2860, 861.374532578
2870, 861.335582609
2880, 861.296711105
2890, 861.257917887
2900, 861.219202776
2910, 861.180565599
2920, 861.142006183
2930, 861.10352436
2940, 861.065119965
2950, 861.026792834
2960, 860.988542808
2970, 860.950369729
2980, 860.912273444
2990, 860.874253801
3000, 860.836310651
3010, 860.798443848
3020, 860.760653249
3030, 860.722938714
3040, 860.685300105
3050, 860.647737286
3060, 860.610250126
3070, 860.572838493
3080, 860.535502261
3090, 860.498241304
3100, 860.4610555
3110, 860.42394473
3120, 860.386908875
3130, 860.34994782
3140, 860.313061453
3150, 860.276249664
3160, 860.239512344
3170, 860.202849388
3180, 860.166260692
3190, 860.129746155
3200, 860.093305678
3210, 860.056939165
3220, 860.02064652
3230, 859.984427652
3240, 859.94828247
3250, 859.912210886
3260, 859.876212813
3270, 859.840288168
3280, 859.804436867
3290, 859.768658832
3300, 859.732953983
3310, 859.697322245
3320, 859.661763542
3330, 859.626277802
3340, 859.590864955
3350, 859.555524931
3360, 859.520257663
3370, 859.485063085
3380, 859.449941134
3390, 859.414891747
3400, 859.379914864
3410, 859.345010425
3420, 859.310178375
3430, 859.275418656
3440, 859.240731214
3450, 859.206115998
3460, 859.171572955
3470, 859.137102035
3480, 859.10270319
3490, 859.068376374
3500, 859.03412154
3510, 858.999938643
3520, 858.965827641
3530, 858.931788492
3540, 858.897821156
3550, 858.863925592
3560, 858.830101762
3570, 858.796349629
3580, 858.762669158
3590, 858.729060312
3600, 858.695523059
3610, 858.662057365
3620, 858.628663198
3630, 858.595340528
3640, 858.562089323
3650, 858.528909556
3660, 858.495801197
3670, 858.46276422
3680, 858.429798597
3690, 858.396904303
3700, 858.364081312
3710, 858.3313296
3720, 858.298649143
3730, 858.266039919
3740, 858.233501904
3750, 858.201035077
3760, 858.168639417
3770, 858.136314902
3780, 858.104061513
3790, 858.071879229
3800, 858.039768032
3810, 858.007727902
3820, 857.975758821
3830, 857.943860771
3840, 857.912033734
3850, 857.880277692
3860, 857.848592629
3870, 857.816978527
3880, 857.785435369
3890, 857.75396314
3900, 857.722561822
3910, 857.691231399
3920, 857.659971856
3930, 857.628783175
3940, 857.597665343
3950, 857.566618341
3960, 857.535642154
3970, 857.504736767
3980, 857.473902164
3990, 857.443138327
4000, 857.412445242
4010, 857.381822891
4020, 857.351271258
4030, 857.320790327
4040, 857.290380081
4050, 857.260040502
4060, 857.229771574
4070, 857.199573278
4080, 857.169445597
4090, 857.139388513
4100, 857.109402006
4110, 857.079486058
4120, 857.04964065
4130, 857.019865761
4140, 856.990161372
4150, 856.960527462
4160, 856.930964009
4170, 856.901470992
4180, 856.872048389
4190, 856.842696176
4200, 856.813414331
4210, 856.784202829
4220, 856.755061645
4230, 856.725990756
4240, 856.696990133
4250, 856.668059752
4260, 856.639199585
4270, 856.610409602
4280, 856.581689777
4290, 856.553040079
4300, 856.524460478
4310, 856.495950943
4320, 856.467511442
4330, 856.439141942
4340, 856.41084241
4350, 856.38261281
4360, 856.354453108
4370, 856.326363268
4380, 856.298343252
4390, 856.270393022
4400, 856.242512539
4410, 856.214701763
4420, 856.186960653
4430, 856.159289166
4440, 856.131687261
4450, 856.104154892
4460, 856.076692015
4470, 856.049298584
4480, 856.021974551
4490, 855.994719868
4500, 855.967534486
4510, 855.940418354
4520, 855.913371421
4530, 855.886393633
4540, 855.859484938
4550, 855.832645279
4560, 855.805874602
4570, 855.779172848
4580, 855.752539959
4590, 855.725975876
4600, 855.699480537
4610, 855.673053881
4620, 855.646695844
4630, 855.620406361
4640, 855.594185368
4650, 855.568032797
4660, 855.541948579
4670, 855.515932646
4680, 855.489984927
4690, 855.464105349
4700, 855.43829384
4710, 855.412550325
4720, 855.386874728
4730, 855.361266972
4740, 855.335726979
4750, 855.31025467
4760, 855.284849963
4770, 855.259512776
4780, 855.234243026
4790, 855.209040628
4800, 855.183905496
4810, 855.158837543
4820, 855.133836679
4830, 855.108902815
4840, 855.08403586
4850, 855.059235721
4860, 855.034502303
4870, 855.009835513
4880, 854.985235253
4890, 854.960701426
4900, 854.936233932
4910, 854.911832671
4920, 854.887497541
4930, 854.863228439
4940, 854.839025262
4950, 854.814887902
4960, 854.790816255
4970, 854.76681021
4980, 854.742869659
4990, 854.718994491
0, 854.716610566
10, 854.69280719
20, 854.669068961
30, 854.645395763
40, 854.62178748
50, 854.598243996
60, 854.574765192
70, 854.551350949
80, 854.528001144
90, 854.504715657
100, 854.481494363
110, 854.458337138
120, 854.435243856
130, 854.412214391
140, 854.389248613
150, 854.366346394
160, 854.343507602
170, 854.320732106
180, 854.298019773
190, 854.275370469
200, 854.252784058
210, 854.230260404
220, 854.20779937
230, 854.185400816
240, 854.163064603
250, 854.14079059
260, 854.118578634
270, 854.096428594
280, 854.074340323
290, 854.052313678
300, 854.030348512
310, 854.008444677
320, 853.986602025
330, 853.964820407
340, 853.943099672
350, 853.921439668
360, 853.899840244
370, 853.878301246
380, 853.856822518
390, 853.835403907
400, 853.814045255
410, 853.792746406
420, 853.771507201
430, 853.750327481
440, 853.729207086
450, 853.708145856
460, 853.687143628
470, 853.66620024
480, 853.645315528
490, 853.624489328
500, 853.603721476
510, 853.583011805
520, 853.562360147
530, 853.541766337
540, 853.521230206
550, 853.500751584
560, 853.480330301
570, 853.459966188
580, 853.439659073
590, 853.419408784
600, 853.399215148
610, 853.379077992
620, 853.358997143
630, 853.338972424
640, 853.319003662
650, 853.29909068
660, 853.279233302
670, 853.259431351
680, 853.239684648
690, 853.219993016
700, 853.200356275
710, 853.180774248
720, 853.161246752
730, 853.141773608
740, 853.122354636
750, 853.102989653
760, 853.083678478
770, 853.064420929
780, 853.045216821
790, 853.026065974
800, 853.006968201
810, 852.987923321
820, 852.968931147
830, 852.949991495
840, 852.931104181
850, 852.912269017
860, 852.893485819
870, 852.8747544
880, 852.856074574
890, 852.837446152
900, 852.81886895
910, 852.800342778
920, 852.781867449
930, 852.763442775
940, 852.745068569
950, 852.72674464
960, 852.708470802
970, 852.690246864
980, 852.672072638
990, 852.653947935
1000, 852.635872565
1010, 852.617846338
1020, 852.599869065
1030, 852.581940556
1040, 852.564060621
1050, 852.546229071
1060, 852.528445714
1070, 852.51071036
1080, 852.49302282
1090, 852.475382903
1100, 852.457790419
1110, 852.440245176
1120, 852.422746986
1130, 852.405295656
1140, 852.387890997
1150, 852.370532819
1160, 852.35322093
1170, 852.335955141
1180, 852.31873526
1190, 852.301561099
1200, 852.284432466
1210, 852.267349171
1220, 852.250311025
1230, 852.233317836
1240, 852.216369417
1250, 852.199465575
1260, 852.182606123
1270, 852.165790871
1280, 852.149019628
1290, 852.132292207
1300, 852.115608417
1310, 852.098968071
1320, 852.082370979
1330, 852.065816953
1340, 852.049305805
1350, 852.032837346
1360, 852.01641139
1370, 852.000027747
1380, 851.983686232
1390, 851.967386656
1400, 851.951128833
1410, 851.934912577
1420, 851.9187377
1430, 851.902604018
1440, 851.886511344
1450, 851.870459493
1460, 851.854448279
1470, 851.838477518
1480, 851.822547026
1490, 851.806656618
1500, 851.79080611
1510, 851.774995319
1520, 851.759224062
1530, 851.743492156
1540, 851.727799419
1550, 851.712145668
1560, 851.696530722
1570, 851.6809544
1580, 851.66541652
1590, 851.649916903
1600, 851.634455368
1610, 851.619031735
1620, 851.603645826
1630, 851.588297461
1640, 851.572986463
1650, 851.557712653
1660, 851.542475853
1670, 851.527275887
1680, 851.512112578
1690, 851.496985751
1700, 851.481895228
1710, 851.466840836
1720, 851.451822399
1730, 851.436839743
1740, 851.421892694
1750, 851.40698108
1760, 851.392104727
1770, 851.377263463
1780, 851.362457117
1790, 851.347685517
1800, 851.332948492
1810, 851.318245873
1820, 851.303577489
1830, 851.288943171
1840, 851.274342751
1850, 851.259776061
1860, 851.245242933
1870, 851.230743201
1880, 851.216276697
1890, 851.201843256
1900, 851.187442712
1910, 851.173074902
1920, 851.158739659
1930, 851.144436822
1940, 851.130166226
1950, 851.11592771
1960, 851.101721111
1970, 851.087546269
1980, 851.073403021
1990, 851.059291209
2000, 851.045210672
2010, 851.031161252
2020, 851.01714279
2030, 851.003155128
2040, 850.98919811
2050, 850.975271578
2060, 850.961375376
2070, 850.94750935
2080, 850.933673344
2090, 850.919867205
2100, 850.906090778
2110, 850.892343911
2120, 850.878626451
2130, 850.864938247
2140, 850.851279147
2150, 850.837649002
2160, 850.824047661
2170, 850.810474976
2180, 850.796930797
2190, 850.783414976
2200, 850.769927367
2210, 850.756467823
2220, 850.743036197
2230, 850.729632345
2240, 850.716256121
2250, 850.702907382
2260, 850.689585983
2270, 850.676291782
2280, 850.663024638
2290, 850.649784407
2300, 850.636570951
2310, 850.623384127
2320, 850.610223797
2330, 850.597089821
2340, 850.583982062
2350, 850.570900381
2360, 850.557844642
2370, 850.544814708
2380, 850.531810444
2390, 850.518831715
2400, 850.505878385
2410, 850.492950322
2420, 850.480047392
2430, 850.467169463
2440, 850.454316403
2450, 850.441488081
2460, 850.428684366
2470, 850.415905129
2480, 850.403150241
2490, 850.390419572
2500, 850.377712996
2510, 850.365030385
2520, 850.352371612
2530, 850.339736552
2540, 850.327125079
2550, 850.31453707
2560, 850.301972399
2570, 850.289430944
2580, 850.276912582
2590, 850.264417191
2600, 850.251944651
2610, 850.23949484
2620, 850.227067638
2630, 850.214662927
2640, 850.202280588
2650, 850.189920502
2660, 850.177582552
2670, 850.165266622
2680, 850.152972596
2690, 850.140700358
2700, 850.128449794
2710, 850.11622079
2720, 850.104013231
2730, 850.091827007
2740, 850.079662004
2750, 850.067518111
2760, 850.055395218
2770, 850.043293214
2780, 850.03121199
2790, 850.019151437
2800, 850.007111447
2810, 849.995091913
2820, 849.983092727
2830, 849.971113784
2840, 849.959154977
2850, 849.947216203
2860, 849.935297356
2870, 849.923398334
2880, 849.911519033
2890, 849.899659351
2900, 849.887819187
2910, 849.875998439
2920, 849.864197006
2930, 849.85241479
2940, 849.840651692
2950, 849.828907612
2960, 849.817182453
2970, 849.805476118
2980, 849.79378851
2990, 849.782119534
3000, 849.770469094
3010, 849.758837096
3020, 849.747223446
3030, 849.73562805
3040, 849.724050816
3050, 849.712491651
3060, 849.700950464
3070, 849.689427166
3080, 849.677921664
3090, 849.66643387
3100, 849.654963695
3110, 849.643511051
3120, 849.63207585
3130, 849.620658005
3140, 849.609257429
3150, 849.597874037
3160, 849.586507745
3170, 849.575158466
3180, 849.563826117
3190, 849.552510616
3200, 849.541211879
3210, 849.529929824
3220, 849.518664371
3230, 849.507415437
3240, 849.496182944
3250, 849.484966811
3260, 849.47376696
3270, 849.462583311
3280, 849.451415788
3290, 849.440264314
3300, 849.429128811
3310, 849.418009204
3320, 849.406905418
3330, 849.395817378
3340, 849.384745009
3350, 849.373688239
3360, 849.362646995
3370, 849.351621204
3380, 849.340610794
3390, 849.329615695
3400, 849.318635836
3410, 849.307671147
3420, 849.296721559
3430, 849.285787003
3440, 849.274867411
3450, 849.263962716
3460, 849.253072851
3470, 849.242197749
3480, 849.231337345
3490, 849.220491573
3500, 849.209660369
3510, 849.19884367
3520, 849.188041411
3530, 849.17725353
3540, 849.166479964
3550, 849.155720653
3560, 849.144975534
3570, 849.134244549
3580, 849.123527635
3590, 849.112824735
3600, 849.102135789
3610, 849.09146074
3620, 849.08079953
3630, 849.070152101
3640, 849.059518397
3650, 849.048898363
3660, 849.038291943
3670, 849.027699082
3680, 849.017119726
3690, 849.006553821
3700, 848.996001315
3710, 848.985462154
3720, 848.974936287
3730, 848.964423663
3740, 848.95392423
3750, 848.943437939
3760, 848.932964739
3770, 848.922504581
3780, 848.912057417
3790, 848.901623199
3800, 848.891201878
3810, 848.880793409
3820, 848.870397744
3830, 848.860014838
3840, 848.849644646
3850, 848.839287121
3860, 848.828942221
3870, 848.818609902
3880, 848.808290119
3890, 848.797982831
3900, 848.787687995
3910, 848.77740557
3920, 848.767135515
3930, 848.756877788
3940, 848.746632351
3950, 848.736399163
3960, 848.726178185
3970, 848.71596938
3980, 848.705772708
3990, 848.695588133
4000, 848.685415617
4010, 848.675255125
4020, 848.66510662
4030, 848.654970067
4040, 848.644845431
4050, 848.634732678
4060, 848.624631773
4070, 848.614542684
4080, 848.604465377
4090, 848.59439982
4100, 848.584345982
4110, 848.57430383
4120, 848.564273335
4130, 848.554254465
4140, 848.544247191
4150, 848.534251483
4160, 848.524267313
4170, 848.514294651
4180, 848.504333471
4190, 848.494383744
4200, 848.484445444
4210, 848.474518544
4220, 848.464603017
4230, 848.45469884
4240, 848.444805985
4250, 848.434924429
4260, 848.425054148
4270, 848.415195117
4280, 848.405347314
4290, 848.395510716
4300, 848.385685301
4310, 848.375871046
4320, 848.36606793
4330, 848.356275932
4340, 848.346495033
4350, 848.336725211
4360, 848.326966447
4370, 848.317218722
4380, 848.307482017
4390, 848.297756314
4400, 848.288041595
4410, 848.278337843
4420, 848.268645041
4430, 848.258963171
4440, 848.249292219
4450, 848.239632168
4460, 848.229983002
4470, 848.220344708
4480, 848.21071727
4490, 848.201100675
4500, 848.191494909
4510, 848.181899959
4520, 848.172315812
4530, 848.162742455
4540, 848.153179877
4550, 848.143628065
4560, 848.134087009
4570, 848.124556699
4580, 848.115037122
4590, 848.10552827
4600, 848.096030133
4610, 848.086542701
4620, 848.077065966
4630, 848.067599919
4640, 848.058144552
4650, 848.048699858
4660, 848.039265828
4670, 848.029842456
4680, 848.020429734
4690, 848.011027658
4700, 848.001636221
4710, 847.992255417
4720, 847.98288524
4730, 847.973525687
4740, 847.964176753
4750, 847.954838433
4760, 847.945510723
4770, 847.936193621
4780, 847.926887122
4790, 847.917591224
4800, 847.908305924
4810, 847.899031221
4820, 847.889767112
4830, 847.880513595
4840, 847.87127067
4850, 847.862038336
4860, 847.852816591
4870, 847.843605436
4880, 847.83440487
4890, 847.825214894
4900, 847.816035509
4910, 847.806866714
4920, 847.797708512
4930, 847.788560904
4940, 847.779423891
4950, 847.770297475
4960, 847.761181659
4970, 847.752076446
4980, 847.742981837
4990, 847.733897837
